56 0.237068 0.100757 0.113486 0.197977
56 0.846527 0.763739 0.117805 0.23336
56 0.175679 0.472498 0.139784 0.317847
58 0.437838 0.145059 0.0958801 0.170406
58 0.431571 0.488467 0.106292 0.149021
61 0.154516 0.850684 0.117528 0.267949
56 0.653662 0.0711068 0.0597715 0.133325
58 0.445249 0.539977 0.14978 0.253063
56 0.154302 0.851815 0.119355 0.268826
56 0.236193 0.140066 0.10783 0.262806
56 0.840538 0.805935 0.129658 0.316746
58 0.107051 0.144991 0.158752 0.287467
63 0.573061 0.725907 0.132709 0.286628
0 0.70338 0.818094 0.20103 0.33593
0 0.637762 0.296174 0.170161 0.363324
56 0.72449 0.43595 0.15557 0.364026
0 0.241579 0.350213 0.236972 0.347725
60 0.489381 0.837835 0.432411 0.304684
63 0.474634 0.76915 0.137262 0.170671
0 0.558546 0.625117 0.183659 0.284269
56 0.78973 0.88375 0.161277 0.226078
0 0.315694 0.473153 0.202598 0.499677
0 0.669035 0.74314 0.327442 0.500152
0 0.894711 0.6873 0.210047 0.613946
58 0.445249 0.539977 0.14978 0.253063
56 0.154302 0.851815 0.119355 0.268826
56 0.236193 0.140066 0.10783 0.262806
56 0.840538 0.805935 0.129658 0.316746
58 0.107051 0.144991 0.158752 0.287467
63 0.573061 0.725907 0.132709 0.286628
0 0.70338 0.818094 0.20103 0.33593
0 0.637762 0.296174 0.170161 0.363324
56 0.72449 0.43595 0.15557 0.364026
0 0.241579 0.350213 0.236972 0.347725
58 0.445249 0.539977 0.14978 0.253063
56 0.154302 0.851815 0.119355 0.268826
56 0.236193 0.140066 0.10783 0.262806
56 0.840538 0.805935 0.129658 0.316746
58 0.107051 0.144991 0.158752 0.287467
63 0.573061 0.725907 0.132709 0.286628
0 0.70338 0.818094 0.20103 0.33593
0 0.637762 0.296174 0.170161 0.363324
56 0.72449 0.43595 0.15557 0.364026
0 0.241579 0.350213 0.236972 0.347725
58 0.445249 0.539977 0.14978 0.253063
56 0.154302 0.851815 0.119355 0.268826
56 0.236193 0.140066 0.10783 0.262806
56 0.840538 0.805935 0.129658 0.316746
58 0.107051 0.144991 0.158752 0.287467
63 0.573061 0.725907 0.132709 0.286628
0 0.70338 0.818094 0.20103 0.33593
0 0.637762 0.296174 0.170161 0.363324
56 0.72449 0.43595 0.15557 0.364026
0 0.241579 0.350213 0.236972 0.347725
58 0.445249 0.539977 0.14978 0.253063
56 0.154302 0.851815 0.119355 0.268826
56 0.236193 0.140066 0.10783 0.262806
56 0.840538 0.805935 0.129658 0.316746
58 0.107051 0.144991 0.158752 0.287467
63 0.573061 0.725907 0.132709 0.286628
0 0.70338 0.818094 0.20103 0.33593
0 0.637762 0.296174 0.170161 0.363324
56 0.72449 0.43595 0.15557 0.364026
0 0.241579 0.350213 0.236972 0.347725
58 0.445249 0.539977 0.14978 0.253063
56 0.154302 0.851815 0.119355 0.268826
56 0.236193 0.140066 0.10783 0.262806
56 0.840538 0.805935 0.129658 0.316746
58 0.107051 0.144991 0.158752 0.287467
63 0.573061 0.725907 0.132709 0.286628
0 0.70338 0.818094 0.20103 0.33593
0 0.637762 0.296174 0.170161 0.363324
56 0.72449 0.43595 0.15557 0.364026
0 0.241579 0.350213 0.236972 0.347725
63 0.474634 0.76915 0.137262 0.170671
0 0.558546 0.625117 0.183659 0.284269
56 0.78973 0.88375 0.161277 0.226078
0 0.315694 0.473153 0.202598 0.499677
0 0.669035 0.74314 0.327442 0.500152
0 0.894711 0.6873 0.210047 0.613946
63 0.474634 0.76915 0.137262 0.170671
0 0.558546 0.625117 0.183659 0.284269
56 0.78973 0.88375 0.161277 0.226078
0 0.315694 0.473153 0.202598 0.499677
0 0.669035 0.74314 0.327442 0.500152
0 0.894711 0.6873 0.210047 0.613946
63 0.474634 0.76915 0.137262 0.170671
0 0.558546 0.625117 0.183659 0.284269
56 0.78973 0.88375 0.161277 0.226078
0 0.315694 0.473153 0.202598 0.499677
0 0.669035 0.74314 0.327442 0.500152
0 0.894711 0.6873 0.210047 0.613946
41 0.698053 0.537153 0.0469221 0.102558
0 0.962293 0.268364 0.0750036 0.337428
0 0.155786 0.33951 0.31043 0.663584
63 0.825126 0.599771 0.237587 0.236007
0 0.180486 0.273096 0.193118 0.52891
0 0.81666 0.75967 0.365285 0.460964
0 0.173061 0.503934 0.345144 0.97155
0 0.555009 0.225025 0.232897 0.366867
0 0.424353 0.292141 0.410907 0.489253
63 0.920508 0.414836 0.158024 0.245596
0 0.818637 0.218311 0.274093 0.387313
63 0.388219 0.70127 0.387631 0.501895
